c = {
[1500, 0, 1500, 0, 2, 2, 1],
[-1458, 0, -1458, 0, 1, 1, 1],
[486, -1296, 486, -1296, 0, 0, 1]
}

a = {
[1431, -162, 1431, -162, 1, 1, 1],
[972, -891, 972, -891, 0, 0, 1],
[-513, -486, -513, -486, 1, 1, 1]
}


s = {
[351, 1350, 351, 1350, 70, 70, 1],
[459, 459, 459, 459, 100, 100, 1]
}

r = {
[-1500, -405, -1500, -405, 0, 0, 1]
[-486, -243, -486, -243, 0, 0, 1]
}

[989.8666666666667, -489.24444444444447, 489.24444444444447, 489.24444444444447, 1, 45, 1]
[238.93333333333334, -728.1777777777778, -477.8666666666667, 728.1777777777778, 42, 16, 1]
[0.0, -193.42222222222222, -193.42222222222222, 193.42222222222222, 27, 45, 1]
[398.22222222222223, -193.42222222222222, 193.42222222222222, 193.42222222222222, 27, 45, 1]
[193.42222222222222, -193.42222222222222, 0.0, 193.42222222222222, 45, 62, 1]
