c = {
[1500, 0, 1500, 0, 2, 2, 1],
[-1458, 0, -1458, 0, 1, 1, 1],
[486, -1296, 486, -1296, 0, 0, 1]
}

a = {
[1431, -162, 1431, -162, 1, 1, 1],
[972, -891, 972, -891, 0, 0, 1],
[-513, -486, -513, -486, 1, 1, 1]
}


s = {
[351, 1350, 351, 1350, 70, 70, 1],
[459, 459, 459, 459, 100, 100, 1]
}

r = {
[-1500, -405, -1500, -405, 0, 0, 1]
[-486, -243, -486, -243, 0, 0, 1]
}[42, 0, 42, 0, 0, 0, 1]
[-42, 687, -42, 687, 0, 0, 1]
[0, 0, 0, 0, 0, 0, 1]
[1500, -1500, 1500, -1500, 0, 0, 1]
[0, 0, 0, 0, 0, 0, 1]
[1416, -687, 1416, -687, 0, 0, 1]
[0, 0, 0, 0, 0, 0, 1]
[0, 0, 0, 0, 0, 0, 1]
[0, 0, 0, 0, 0, 0, 1]
[0, 0, 0, 0, 0, 0, 1]
[0, 0, 0, 0, 0, 0, 1]
[0, 0, 0, 0, 0, 0, 1]
[0, 0, 0, 0, 0, 0, 1]
[0, 0, 0, 0, 0, 0, 1]
[-63, -4, -63, -4, 0, 0, 1]
[0, 0, 0, 0, 0, 0, 1]
[0, 0, 0, 0, 0, 0, 1]
[0, 0, 0, 0, 0, 0, 1]
[0, 0, 0, 0, 0, 0, 1]
[0, 0, 0, 0, 0, 0, 1]
[0, 0, 0, 0, 65, 65, 1]
[0, 0, 0, 0, 0, 0, 1]
[-810, 0, -810, 0, 25, 25, 1]
[0, 0, 0, 0, 100, 100, 1]
[0, 0, 0, 0, 0, 0, 1]
[141, 0, 141, 0, 120, 120, 1]
[-567, -162, -567, -162, 20, 20, 1]
